0.033333	0.868133	0.0302986363197	-0.207709709729	0	0	0
0.066666	0.8693335	0.0232956496232	-0.2012187813	0	0	0
0.099999	0.869848	0.0162926629266	-0.185152244693	0	0	0
0.133332	0.8703625	0.0107188571886	-0.16495295182	0	0	0
0.166665	0.870534	0.00557380573806	-0.153400290213	0	0	0
0.199998	0.8707055	0.00128626286263	-0.162928258549	0	0	0
0.233331	0.8707055	-0.00514505145051	-0.176148314615	0	0	0
0.266664	0.8703625	-0.0115763657637	-0.160427166861	0	0	0
0.299997	0.869848	-0.0158639086391	-0.140894831771	0	0	0
0.33333	0.8693335	-0.0205802058021	-0.127198377288	0	0	0
0.366663	0.868476	-0.0248677486775	-0.10004366753	0	0	0
0.399996	0.8676185	-0.0275831924986	-0.0635991886441	0	0	0
0.433329	0.8665895	-0.0287265372654	-0.0326332915515	0	0	0
0.466662	0.865732	-0.030012800128	0.00762237466896	0	0	0
0.499995	0.8645315	-0.0291552915529	0.06943506925	0	0	0
0.533328	0.863674	-0.0250106667733	0.115645715681	0	0	0
0.566661	0.8628165	-0.0195797791311	0.110286233491	0	0	0
0.599994	0.8624735	-0.0167214172142	0.080034934024	0	0	0
0.633327	0.8617875	-0.0160068267349	0.0959942809871	0	0	0
0.66666	0.861273	-0.0117192838595	0.150541899712	0	0	0
0.699993	0.86093	-0.00514505145051	0.185318984139	0	0	0
0.733326	0.86093	0.00185793524602	0.184247087701	0	0	0
0.766659	0.8611015	0.00757465907992	0.164476553404	0	0	0
0.799992	0.8614445	0.0127197105304	0.143634122668	0	0	0
0.833325	0.861959	0.0172930895976	0.119814201828	0	0	0
0.866658	0.862645	0.0205802058021	0.0992099703006	0	0	0
0.899991	0.863331	0.0235814858149	0.0846798185879	0	0	0
0.933324	0.8641885	0.0268686020194	0.0545476187247	0	0	0
0.966657	0.8652175	0.0275831924986	0.0167930441925	0	0	0
0.99999	0.866075	0.0268686020194	0.00714597625215	0	0	0
1.033323	0.8669325	0.0278690286903	0.000714597625233	0	0	0
1.066656	0.8679615	0.0278690286903	-0.0338242875935	0	0	0
1.099989	0.868819	0.0265827658277	-0.0965897790082	0	0	0
1.133322	0.869848	0.0217235505688	-0.165905748654	0	0	0
1.166655	0.8703625	0.0140059733931	-0.192345860787	0	0	0
1.199988	0.8707055	0.00786049527162	-0.185557183347	0	0	0
1.233321	0.870877	0.00200085334187	-0.180554999971	0	0	0
1.266654	0.870877	-0.00443046097128	-0.167573143113	0	0	0
1.299987	0.870534	-0.00957551242179	-0.146849811982	0	0	0
1.33332	0.870191	-0.0135772191055	-0.141728529001	0	0	0
1.366653	0.8696765	-0.0185793524602	-0.145301517127	0	0	0
1.399986	0.8689905	-0.0242960762941	-0.121481596286	0	0	0
1.433319	0.8679615	-0.0274402744027	-0.0758664478769	0	0	0
1.466652	0.867104	-0.0287265372654	-0.0422803594918	0	0	0
1.499985	0.866075	-0.0301557182238	-0.0101234663572	0	0	0
1.533318	0.865046	-0.030012800128	0.0383500725532	0	0	0
1.566651	0.864017	-0.0277261105944	0.0889674043392	0	0	0
1.599984	0.8631595	-0.0240102401024	0.131128664227	0	0	0
1.633317	0.862302	-0.0174360076934	0.12922307056	0	0	0
1.66665	0.8621305	-0.0141488914889	0.0945650857367	0	0	0
1.699983	0.8614445	-0.0130055467221	0.107070544178	0	0	0
1.733316	0.8611015	-0.00786049527162	0.14482511871	0	0	0
1.766649	0.86093	-0.00257252572526	0.166977645092	0	0	0
1.799982	0.86093	0.00328711620449	0.183532490076	0	0	0
1.833315	0.8611015	0.0101471848052	0.179364003929	0	0	0
1.866648	0.861616	0.0164355810225	0.142085827813	0	0	0
1.899981	0.862302	0.0198656153228	0.0973043766334	0	0	0
1.933314	0.862988	0.0217235505688	0.0820596272954	0	0	0
1.966647	0.863674	0.0251535848692	0.0725316589593	0	0	0
1.99998	0.864703	0.0274402744027	0.0410893634498	0	0	0
2.033313	0.8655605	0.0280119467861	0.00488308377231	0	0	0
2.066646	0.8665895	0.0275831924986	-0.0256064149035	0	0	0
2.099979	0.867447	0.0258681753484	-0.0438286543465	0	0	0
2.133312	0.8683045	0.0241531581982	-0.0525229254533	0	0	0
2.166645	0.8689905	0.0235814858149	-0.0938504881115	0	0	0
2.199978	0.8700195	0.0190081067477	-0.162809158945	0	0	0
2.233311	0.8703625	0.011290529572	-0.192464960391	0	0	0
2.266644	0.8707055	0.00500213335467	-0.18591448216	0	0	0
2.299977	0.8707055	-0.00142918095848	-0.165667549446	0	0	0
2.33331	0.870534	-0.00571672383391	-0.152209294171	0	0	0
2.366643	0.8703625	-0.0108617752844	-0.157211477547	0	0	0
2.399976	0.869848	-0.01686433531	-0.145063317919	0	0	0
2.433309	0.869162	-0.0208660419938	-0.121957994703	0	0	0
2.466642	0.868476	-0.0250106667733	-0.0952796833619	0	0	0
2.499975	0.867447	-0.0275831924986	-0.0578824076424	0	0	0
2.533308	0.8665895	-0.0285836191695	-0.0264401121329	0	0	0
2.566641	0.8655605	-0.0295840458405	0.0115526616076	0	0	0
2.599974	0.8645315	-0.0280119467861	0.0543094195163	0	0	0
2.633307	0.863674	-0.0255823391567	0.088252806714	0	0	0
2.66664	0.8628165	-0.0222952229522	0.124459086391	0	0	0
2.699973	0.8621305	-0.0172930895976	0.155663182693	0	0	0
2.733306	0.861616	-0.0110046933803	0.160069868048	0	0	0
2.766639	0.8614445	-0.00585964192975	0.142443126626	0	0	0
2.799972	0.861273	-0.00200085334187	0.135297150374	0	0	0
2.833305	0.861273	0.00271544382111	0.1388701385	0	0	0
2.866638	0.8614445	0.00757465907992	0.134820751957	0	0	0
2.899971	0.8617875	0.012148038147	0.119814201828	0	0	0
2.933304	0.862302	0.0154351543515	0.107904241407	0	0	0
2.966637	0.8628165	0.018722270556	0.109809835075	0	0	0
2.99997	0.8635025	0.0230098134315	0.101711061989	0	0	0
3.033303	0.86436	0.0267256839235	0.0599071009138	0	0	0
3.066636	0.865389	0.0274402744027	0.00452578495968	0	0	0
3.099969	0.8662465	0.0261540115401	-0.0291794030296	0	0	0
3.133302	0.867104	0.0251535848692	-0.0513319294112	0	0	0
3.166635	0.8679615	0.0228668953356	-0.0722934597508	0	0	0
3.199968	0.8686475	0.0201514515145	-0.0871809102762	0	0	0
3.233301	0.8693335	0.0165784991183	-0.0939695877157	0	0	0
3.266634	0.8696765	0.0144347276806	-0.116598512514	0	0	0
3.299967	0.8703625	0.010290102901	-0.175076418178	0	0	0
3.3333	0.870534	0.00157209905432	-0.201040131894	0	0	0
3.366633	0.8703625	-0.00471629716297	-0.18222239443	0	0	0
3.399966	0.870191	-0.010290102901	-0.163881055383	0	0	0
3.433299	0.8696765	-0.0154351543515	-0.146730712377	0	0	0
3.466632	0.869162	-0.0202943696104	-0.123506289558	0	0	0
3.499965	0.8683045	-0.0242960762941	-0.0852753166089	0	0	0
3.533298	0.867447	-0.0257252572526	-0.0537139214953	0	0	0
3.566631	0.8665895	-0.0268686020194	-0.0451387499927	0	0	0
3.599964	0.865732	-0.0294411277446	-0.017626741422	0	0	0
3.633297	0.8645315	-0.0292982096488	0.0422803594919	0	0	0
3.66663	0.863674	-0.0260110934443	0.0877764082972	0	0	0
3.699963	0.8628165	-0.0227239772398	0.113740122013	0	0	0
3.733296	0.8621305	-0.0182935162685	0.132557859477	0	0	0
3.766629	0.861616	-0.0141488914889	0.1530429914	0	0	0
3.799962	0.8611015	-0.00786049527162	0.164714752612	0	0	0
3.833295	0.8611015	-0.00185793524602	0.143276823856	0	0	0
3.866628	0.8611015	0.00114334476678	0.134939851561	0	0	0
3.899961	0.8611015	0.0060025600256	0.152923891796	0	0	0
3.933294	0.8614445	0.012148038147	0.14935090367	0	0	0
3.966627	0.861959	0.0170072534059	0.118146807369	0	0	0
3.99996	0.862645	0.0200085334187	0.0849180177963	0	0	0
4.033293	0.863331	0.0217235505688	0.0738417546055	0	0	0
4.066626	0.864017	0.0250106667733	0.06121719656	0	0	0
4.099959	0.865046	0.0268686020194	0.0226289247985	0	0	0
4.133292	0.8659035	0.0261540115401	-0.00845607189836	0	0	0
4.166625	0.866761	0.0257252572526	-0.0267974109455	0	0	0
4.199958	0.8676185	0.0248677486775	-0.056453212392	0	0	0
4.233291	0.868476	0.0222952229522	-0.0919448944443	0	0	0
4.266624	0.869162	0.0181505981726	-0.11195362795	0	0	0
4.299957	0.8696765	0.0140059733931	-0.112310926763	0	0	0
4.33329	0.8700195	0.0114334476678	-0.131605062644	0	0	0
4.366623	0.870534	0.0062883962173	-0.175910115407	0	0	0
4.399956	0.870534	-0.00142918095848	-0.190202067911	0	0	0
4.433289	0.8703625	-0.00743174098408	-0.174242720948	0	0	0
4.466622	0.8700195	-0.0128626286263	-0.156496879922	0	0	0
4.499955	0.869505	-0.017864761981	-0.135416249978	0	0	0
4.533288	0.868819	-0.0222952229522	-0.104450352886	0	0	0
4.566621	0.8679615	-0.0250106667733	-0.06943506925	0	0	0
4.599954	0.867104	-0.026296929636	-0.0490690369314	0	0	0
4.633287	0.8662465	-0.028154864882	-0.0298940006548	0	0	0
4.66662	0.8652175	-0.0292982096488	0.0146492513169	0	0	0
4.699953	0.8641885	-0.0274402744027	0.0644328858735	0	0	0
4.733286	0.863331	-0.0238673220066	0.0855135158173	0	0	0
4.766619	0.862645	-0.0211518781854	0.0931358904863	0	0	0
4.799952	0.861959	-0.0188651886519	0.129937668185	0	0	0
4.833285	0.861273	-0.0134343010097	0.186390880577	0	0	0
4.866618	0.86093	-0.00457337906713	0.192941358808	0	0	0
4.899951	0.8611015	0.00114334476678	0.151851995358	0	0	0
4.933284	0.8611015	0.00428754287543	0.136011747999	0	0	0
4.966617	0.861273	0.00971843051764	0.132796058686	0	0	0
4.99995	0.8617875	0.0141488914889	0.10826154022	0	0	0
5.033283	0.862302	0.0164355810225	0.0958751813829	0	0	0
5.066616	0.8628165	0.0201514515145	0.0919448944443	0	0	0
5.099949	0.863674	0.0230098134315	0.0759855474811	0	0	0
5.133282	0.86436	0.0254394210609	0.051808327828	0	0	0
5.166615	0.865389	0.0270115201152	0.011195362795	0	0	0
5.199948	0.8662465	0.0260110934443	-0.0263210125287	0	0	0
5.233281	0.867104	0.0250106667733	-0.0568105112045	0	0	0
5.266614	0.8679615	0.0224381410481	-0.0895629023602	0	0	0
5.299947	0.8686475	0.0184364343643	-0.103259356843	0	0	0
5.33328	0.869162	0.0151493181598	-0.105284050115	0	0	0
5.366613	0.8696765	0.011290529572	-0.10599864774	0	0	0
5.399946	0.869848	0.00886092194255	-0.12838937333	0	0	0
5.433279	0.8703625	0.00371587049204	-0.175195517782	0	0	0
5.466612	0.870191	-0.00400170668373	-0.189963868703	0	0	0
5.499945	0.8700195	-0.0100042667093	-0.173409023719	0	0	0
5.533278	0.869505	-0.0154351543515	-0.152328393775	0	0	0
5.566611	0.8689905	-0.0202943696104	-0.123982687975	0	0	0
5.599944	0.868133	-0.0242960762941	-0.0813450296702	0	0	0
5.633277	0.8672755	-0.0255823391567	-0.0423994590961	0	0	0
5.66661	0.866418	-0.026296929636	-0.0232244228195	0	0	0
5.699943	0.8655605	-0.0274402744027	0.00297749010507	0	0	0
5.733276	0.8645315	-0.0268686020194	0.0459724472221	0	0	0
5.766609	0.863674	-0.0237244039107	0.0727698581677	0	0	0
5.799942	0.862988	-0.0211518781854	0.0786057387736	0	0	0
5.833275	0.862302	-0.0192939429394	0.105641348928	0	0	0
5.866608	0.861616	-0.0148634819682	0.152447493379	0	0	0
5.899941	0.861273	-0.0090038400384	0.192464960391	0	0	0
5.933274	0.86093	-0.000857508575086	0.196157048121	0	0	0
5.966607	0.861273	0.00571672383391	0.152804792192	0	0	0
5.99994	0.8614445	0.00871800384671	0.120647899057	0	0	0
6.033273	0.8617875	0.0128626286263	0.111358129929	0	0	0
6.066606	0.862302	0.0167214172142	0.0934931892989	0	0	0
6.099939	0.862988	0.018722270556	0.0857517150257	0	0	0
6.133272	0.8635025	0.0217235505688	0.0902774999854	0	0	0
6.166605	0.86436	0.0261540115401	0.0569296108087	0	0	0
6.199938	0.865389	0.0267256839235	-0.00702687664796	0	0	0
6.233271	0.8662465	0.0242960762941	-0.037039976907	0	0	0
6.266604	0.8669325	0.0232956496232	-0.0415657618666	0	0	0
6.299937	0.86779	0.0222952229522	-0.0627654914147	0	0	0
6.33327	0.868476	0.019722697227	-0.0992099703006	0	0	0
6.366603	0.869162	0.0152922362557	-0.124101787579	0	0	0
6.399936	0.869505	0.0105759390927	-0.123148990745	0	0	0
6.433269	0.869848	0.00643131431314	-0.106117747344	0	0	0
6.466602	0.869848	0.00428754287543	-0.111239030325	0	0	0
6.499935	0.870191	0.000571672383389	-0.157806975568	0	0	0
6.533268	0.8700195	-0.00686006860069	-0.188415573848	0	0	0
6.566601	0.8696765	-0.013148464818	-0.183175191263	0	0	0
6.599934	0.869162	-0.019722697227	-0.151732895754	0	0	0
6.633267	0.8683045	-0.0241531581982	-0.0940886873199	0	0	0
6.6666	0.867447	-0.0255823391567	-0.047639841681	0	0	0
6.699933	0.8665895	-0.026296929636	-0.0279884069876	0	0	0
6.733266	0.865732	-0.0275831924986	-0.00690777704374	0	0	0
6.766599	0.864703	-0.0274402744027	0.031204096301	0	0	0
6.799932	0.8638455	-0.0254394210609	0.0680058739996	0	0	0
6.833265	0.862988	-0.0225810591439	0.0943268865283	0	0	0
6.866598	0.862302	-0.0185793524602	0.10373575526	0	0	0
6.899931	0.8617875	-0.0154351543515	0.107427842991	0	0	0
6.933264	0.861273	-0.012148038147	0.13291515829	0	0	0
6.966597	0.86093	-0.00714590479238	0.174242720948	0	0	0
6.99993	0.8607585	-0.000714590479238	0.213664689939	0	0	0
7.033263	0.8607585	0.00871800384671	0.203064825165	0	0	0
7.066596	0.8614445	0.0151493181598	0.128270273726	0	0	0
7.099929	0.861959	0.0162926629266	0.077057443919	0	0	0
7.133262	0.8624735	0.0184364343643	0.0757473482727	0	0	0
7.166595	0.8631595	0.0211518781854	0.0830124241291	0	0	0
7.199928	0.8638455	0.0248677486775	0.0659811807281	0	0	0
7.233261	0.8648745	0.0267256839235	0.0159593469631	0	0	0
7.266594	0.865732	0.0255823391567	-0.0256064149035	0	0	0
7.299927	0.8665895	0.0238673220066	-0.0377545745322	0	0	0
7.33326	0.8672755	0.0230098134315	-0.0472825428684	0	0	0
7.366593	0.868133	0.0217235505688	-0.0819405276912	0	0	0
7.399926	0.868819	0.0177218438851	-0.121362496682	0	0	0
7.433259	0.8693335	0.0128626286263	-0.138393740083	0	0	0
7.466592	0.8696765	0.00786049527162	-0.133034257894	0	0	0
7.499925	0.869848	0.00343003430034	-0.111119930721	0	0	0
7.533258	0.869848	0.000571672383391	-0.0969470778208	0	0	0
7.566591	0.869848	-0.00157209905432	-0.124339986787	0	0	0
7.599924	0.869848	-0.00671715050484	-0.17626741422	0	0	0
7.633257	0.869505	-0.0147205638723	-0.186271780973	0	0	0
7.66659	0.868819	-0.0212947962813	-0.133510656311	0	0	0
7.699923	0.8679615	-0.0241531581982	-0.0644328858735	0	0	0
7.733256	0.867104	-0.0240102401024	-0.0364444788859	0	0	0
7.766589	0.866418	-0.0250106667733	-0.0479971404936	0	0	0
7.799922	0.8655605	-0.0287265372654	-0.0203660323186	0	0	0
7.833255	0.86436	-0.0284407010737	0.0602643997264	0	0	0
7.866588	0.8635025	-0.0235814858149	0.111596329138	0	0	0
7.899921	0.8628165	-0.0190081067477	0.10826154022	0	0	0
7.933254	0.862302	-0.0160068267349	0.0909920976106	0	0	0
7.966587	0.8617875	-0.0141488914889	0.10599864774	0	0	0
7.99992	0.861273	-0.00986134861349	0.151018298129	0	0	0
8.033253	0.8611015	-0.00414462477958	0.197705342976	0	0	0
8.066586	0.86093	0.00371587049204	0.222954459067	0	0	0
8.099919	0.861273	0.0130055467221	0.179006705116	0	0	0
8.133252	0.861959	0.0175789257893	0.0843225197753	0	0	0
8.166585	0.862645	0.0167214172142	0.0398983674078	0	0	0
8.199918	0.862988	0.0175789257893	0.0671721767702	0	0	0
8.233251	0.863674	0.0220093867605	0.0783675395652	0	0	0
8.266584	0.8645315	0.0245819124858	0.0431140567213	0	0	0
8.299917	0.865389	0.0250106667733	-0.000357298812624	0	0	0
8.33325	0.8662465	0.0237244039107	-0.0248918172783	0	0	0
8.366583	0.8669325	0.0230098134315	-0.0389455705742	0	0	0
8.399916	0.86779	0.0218664686647	-0.070626065292	0	0	0
8.433249	0.868476	0.0182935162685	-0.103497556052	0	0	0
8.466582	0.8689905	0.0147205638723	-0.128984871351	0	0	0
8.499915	0.869505	0.00971843051764	-0.150184600899	0	0	0
8.533248	0.8696765	0.00371587049204	-0.14113303098	0	0	0
8.566581	0.8696765	-0.000142918095848	-0.118265906973	0	0	0
8.599914	0.8696765	-0.00400170668373	-0.102902058031	0	0	0
8.633247	0.8693335	-0.00614547812145	-0.112549125971	0	0	0
8.66658	0.8693335	-0.0101471848052	-0.154591286255	0	0	0
8.699913	0.868819	-0.0181505981726	-0.150303700503	0	0	0
8.733246	0.8679615	-0.0220093867605	-0.0951605837577	0	0	0
8.766579	0.8672755	-0.0235814858149	-0.0581206068508	0	0	0
8.799912	0.866418	-0.025296502965	-0.0351343832397	0	0	0
8.833245	0.8655605	-0.0260110934443	-0.0102425659614	0	0	0
8.866578	0.864703	-0.0267256839235	0.0340624868019	0	0	0
8.899911	0.863674	-0.0242960762941	0.0896820019644	0	0	0
8.933244	0.862988	-0.0192939429394	0.105879548136	0	0	0
8.966577	0.8624735	-0.0161497448308	0.0925403924653	0	0	0
8.99991	0.861959	-0.0141488914889	0.10373575526	0	0	0
9.033243	0.8614445	-0.0100042667093	0.1388701385	0	0	0
9.066576	0.861273	-0.00485921525882	0.178173007887	0	0	0
9.099909	0.8611015	0.00157209905432	0.218190474899	0	0	0
9.133242	0.861273	0.0105759390927	0.220810666191	0	0	0
9.166575	0.8617875	0.0192939429394	0.141371230188	0	0	0
9.199908	0.8628165	0.0208660419938	0.0457342480137	0	0	0
9.233241	0.863331	0.0182935162685	0.0655047823113	0	0	0
9.266574	0.8638455	0.0220093867605	0.15673507913	0	0	0
9.299907	0.8645315	0.0311561448948	0.164357453799	0	0	0
9.33324	0.865732	0.0433041830418	-0.080630432045	0	0	0
9.366573	0.8686475	0.0242960762941	-0.264520220934	0	0	0
9.399906	0.8672755	0.00843216765501	-0.0107189643782	0	0	0
9.433239	0.8679615	0.0240102401024	0.212592793501	0	0	0
9.466572	0.868819	0.0398741487415	-0.0138155540875	0	0	0
9.499905	0.871563	0.0311561448948	-0.451030201114	0	0	0
9.533238	0.871906	-0.00514505145051	-0.497240847545	0	0	0
9.566571	0.870191	-0.0158639086391	-0.151851995358	0	0	0
9.599904	0.870191	-0.00800341336747	0.041208463054	0	0	0
9.633237	0.8700195	-0.00585964192975	0.0284648054044	0	0	0
9.66657	0.869848	-0.00557380573806	-0.0444241523675	0	0	0
9.699903	0.8696765	-0.00814633146331	-0.140537532959	0	0	0
9.733236	0.869505	-0.0160068267349	-0.19186946237	0	0	0
9.766569	0.8686475	-0.0245819124858	-0.139108337708	0	0	0
9.799902	0.8676185	-0.0265827658277	-0.0466870448473	0	0	0
9.833235	0.866761	-0.0251535848692	-0.0145301517127	0	0	0
9.866568	0.866075	-0.026296929636	-0.0165548449841	0	0	0
9.899901	0.865046	-0.028154864882	0.0241772196531	0	0	0
9.933234	0.864017	-0.025296502965	0.080034934024	0	0	0
9.966567	0.863331	-0.0212947962813	0.0975425758418	0	0	0
9.9999	0.862645	-0.0181505981726	0.0951605837577	0	0	0
10.033233	0.8621305	-0.0152922362557	0.0990908706964	0	0	0
10.066566	0.861616	-0.012148038147	0.12100519787	0	0	0
10.099899	0.861273	-0.00743174098408	0.150065501295	0	0	0
10.133232	0.8611015	-0.00200085334187	0.174361820552	0	0	0
10.166565	0.8611015	0.00471629716297	0.180197701158	0	0	0
10.199898	0.8614445	0.0105759390927	0.163881055382	0	0	0
10.233231	0.8617875	0.0164355810225	0.124220887183	0	0	0
10.266564	0.862645	0.0192939429394	0.0749136510433	0	0	0
10.299897	0.8631595	0.0198656153228	0.0649092842903	0	0	0
10.33323	0.8638455	0.0231527315273	0.0653856827071	0	0	0
10.366563	0.864703	0.0260110934443	0.0231053232153	0	0	0
10.399896	0.865732	0.0250106667733	-0.0267974109455	0	0	0
10.433229	0.866418	0.0224381410481	-0.0337051879893	0	0	0
10.466562	0.867104	0.0225810591439	-0.0347770844271	0	0	0
10.499895	0.8679615	0.021580632473	-0.0707451648962	0	0	0
10.533228	0.8686475	0.017864761981	-0.108499739428	0	0	0
10.566561	0.869162	0.0134343010097	-0.124578185996	0	0	0
10.599894	0.869505	0.00957551242179	-0.136249947208	0	0	0
10.633227	0.869848	0.00457337906712	-0.147802608815	0	0	0
10.66656	0.869848	-0.00128626286263	-0.130771365414	0	0	0
10.699893	0.8696765	-0.00471629716297	-0.0992099703006	0	0	0
10.733226	0.869505	-0.00728882288823	-0.0862281134425	0	0	0
10.766559	0.869162	-0.0092896762301	-0.103973954469	0	0	0
10.799892	0.8689905	-0.0138630552972	-0.129342170164	0	0	0
10.833225	0.8683045	-0.0200085334187	-0.10147286278	0	0	0
10.866558	0.867447	-0.0210089600896	-0.058239706455	0	0	0
10.899891	0.8669325	-0.0222952229522	-0.0437095547423	0	0	0
10.933224	0.866075	-0.0257252572526	0.0271547097581	0	0	0
10.966557	0.865046	-0.0230098134315	0.154710385859	0	0	0
10.99989	0.86436	-0.0148634819682	0.231886929382	0	0	0
11.033223	0.863674	0.000571672383391	0.0827742249207	0	0	0
11.066556	0.865046	-0.00171501715017	-0.241653096927	0	0	0
11.099889	0.8645315	-0.0282977829778	-0.2210488654	0	0	0
11.133222	0.8621305	-0.0288694553612	0.138155540875	0	0	0
11.166555	0.861959	-0.0111476114761	0.31656674797	0	0	0
11.199888	0.8617875	-0.00057167238339	0.289769337024	0	0	0
11.233221	0.861959	0.00857508575086	0.209615303396	0	0	0
11.266554	0.8624735	0.0128626286263	0.133629755915	0	0	0
11.299887	0.8628165	0.0167214172142	0.0877764082972	0	0	0
11.33322	0.863674	0.0181505981726	0.0626463918105	0	0	0
11.366553	0.864017	0.019722697227	0.0678867743954	0	0	0
11.399886	0.8648745	0.0237244039107	0.0462106464305	0	0	0
11.433219	0.865732	0.0241531581982	-0.00786057387736	0	0	0
11.466552	0.8665895	0.0218664686647	-0.0307276978842	0	0	0
11.499885	0.867104	0.0211518781854	-0.0307276978842	0	0	0
11.533218	0.8679615	0.0211518781854	-0.0621699933936	0	0	0
11.566551	0.8686475	0.0175789257893	-0.107666042199	0	0	0
11.599884	0.869162	0.0130055467221	-0.128746672143	0	0	0
11.633217	0.869505	0.00828924955916	-0.128627572539	0	0	0
11.66655	0.8696765	0.00457337906712	-0.127436576497	0	0	0
11.699883	0.869848	0	-0.130056767789	0	0	0
11.733216	0.8696765	-0.00457337906712	-0.119814201828	0	0	0
11.766549	0.869505	-0.00800341336747	-0.109214337054	0	0	0
11.799882	0.869162	-0.0118622019554	-0.10004366753	0	0	0
11.833215	0.8686475	-0.0141488914889	-0.103021157635	0	0	0
11.866548	0.8683045	-0.0184364343643	-0.110405333096	0	0	0
11.899881	0.867447	-0.0231527315273	-0.0758664478769	0	0	0
11.933214	0.8665895	-0.0235814858149	-0.0362062796775	0	0	0
11.966547	0.8659035	-0.0242960762941	-0.0225098251943	0	0	0
11.99988	0.865046	-0.0261540115401	0.0176267414219	0	0	0
12.033213	0.864017	-0.0241531581982	0.0797967348156	0	0	0
12.066546	0.863331	-0.0192939429394	0.102663858822	0	0	0
12.099879	0.8628165	-0.0161497448308	0.0948032849451	0	0	0
12.133212	0.862302	-0.0140059733931	0.108737938637	0	0	0
12.166545	0.8617875	-0.00957551242179	0.138989238104	0	0	0
12.199878	0.861616	-0.00371587049204	0.144706019106	0	0	0
12.233211	0.861616	0.000428754287543	0.139108337708	0	0	0
12.266544	0.861616	0.00514505145051	0.142919525043	0	0	0
12.299877	0.861959	0.0100042667093	0.145420616731	0	0	0
12.33321	0.862302	0.0144347276806	0.153995788234	0	0	0
12.366543	0.8628165	0.0212947962813	0.13065226581	0	0	0
12.399876	0.8638455	0.0245819124858	0.0659811807281	0	0	0
12.433209	0.8645315	0.025296502965	0.0104807651698	0	0	0
12.466542	0.8655605	0.0247248305816	-0.0263210125287	0	0	0
12.499875	0.8662465	0.0222952229522	-0.0262019129245	0	0	0
12.533208	0.8669325	0.0227239772398	-0.0185795382556	0	0	0
12.566541	0.86779	0.0222952229522	-0.0447814511801	0	0	0
12.599874	0.868476	0.0201514515145	-0.0851562170047	0	0	0
12.633207	0.869162	0.0167214172142	-0.128032074518	0	0	0
12.66654	0.8696765	0.0108617752844	-0.147564409607	0	0	0
12.699873	0.869848	0.00585964192975	-0.13744094325	0	0	0
12.733206	0.8700195	0.00200085334187	-0.131128664227	0	0	0
12.766539	0.8700195	-0.00257252572526	-0.131485963039	0	0	0
12.799872	0.869848	-0.00714590479238	-0.123029891141	0	0	0
12.833205	0.869505	-0.0107188571886	-0.114692918847	0	0	0
12.866538	0.869162	-0.0148634819682	-0.102782958427	0	0	0
12.899871	0.868476	-0.017864761981	-0.0819405276912	0	0	0
12.933204	0.8679615	-0.0202943696104	-0.0626463918105	0	0	0
12.966537	0.867104	-0.0221523048564	-0.0421612598877	0	0	0
12.99987	0.866418	-0.0222952229522	-0.0397792678036	0	0	0
13.033203	0.865732	-0.0250106667733	-0.0275120085707	0	0	0
13.066536	0.864703	-0.0260110934443	0.0346579848229	0	0	0
13.099869	0.8638455	-0.0227239772398	0.0975425758418	0	0	0
13.133202	0.8631595	-0.0181505981726	0.122910791537	0	0	0
13.166535	0.862645	-0.0135772191055	0.11790860816	0	0	0
13.199868	0.862302	-0.010290102901	0.109571635866	0	0	0
13.233201	0.861959	-0.00700298669653	0.12017150064	0	0	0
13.266534	0.8617875	-0.00242960762941	0.135535349582	0	0	0
13.299867	0.8617875	0.00242960762941	0.141966728209	0	0	0
13.3332	0.861959	0.00728882288823	0.140775732167	0	0	0
13.366533	0.862302	0.0114334476678	0.144706019106	0	0	0
13.399866	0.862645	0.0172930895976	0.135535349582	0	0	0
13.433199	0.8635025	0.0217235505688	0.090634798798	0	0	0
13.466532	0.8641885	0.0232956496232	0.0428758575129	0	0	0
13.499865	0.865046	0.0244389943899	-0.000476398416811	0	0	0
13.533198	0.8659035	0.0230098134315	-0.0320377935304	0	0	0
13.566531	0.8665895	0.0212947962813	-0.0351343832397	0	0	0
13.599864	0.8672755	0.0205802058021	-0.0360871800733	0	0	0
13.633197	0.8679615	0.019722697227	-0.0590734036844	0	0	0
13.66653	0.8686475	0.0171501715017	-0.0961133805913	0	0	0
13.699863	0.869162	0.0128626286263	-0.121600695891	0	0	0
13.733196	0.869505	0.00828924955916	-0.12612648085	0	0	0
13.766529	0.8696765	0.00457337906712	-0.130771365414	0	0	0
13.799862	0.869848	-0.000142918095848	-0.14029933375	0	0	0
13.833195	0.8696765	-0.00514505145052	-0.136964544833	0	0	0
13.866528	0.869505	-0.00986134861349	-0.116003014493	0	0	0
13.899861	0.8689905	-0.0135772191055	-0.0787248383778	0	0	0
13.933194	0.868476	-0.0141488914889	-0.0669339775617	0	0	0
13.966527	0.868133	-0.0167214172142	-0.088252806714	0	0	0
13.99986	0.867447	-0.0212947962813	-0.0786057387736	0	0	0
14.033193	0.8665895	-0.0228668953356	-0.0428758575129	0	0	0
14.066526	0.8659035	-0.0235814858149	-0.0147683509211	0	0	0
14.099859	0.865046	-0.0242960762941	0.0252491160909	0	0	0
14.133192	0.8641885	-0.0222952229522	0.0721743601466	0	0	0
14.166525	0.8635025	-0.0185793524602	0.0951605837577	0	0	0
14.199858	0.862988	-0.0154351543515	0.103021157635	0	0	0
14.233191	0.8624735	-0.012148038147	0.11874230539	0	0	0
14.266524	0.8621305	-0.00757465907992	0.133748855519	0	0	0
14.299857	0.861959	-0.0027154438211	0.134106154332	0	0	0
14.33319	0.861959	0.00185793524602	0.121600695891	0	0	0
14.366523	0.8621305	0.00514505145051	0.11790860816	0	0	0
14.399856	0.862302	0.00871800384671	0.140656632563	0	0	0
14.433189	0.862645	0.0141488914889	0.167811342321	0	0	0
14.466522	0.8631595	0.021580632473	0.144467819897	0	0	0
14.499855	0.8641885	0.0258681753484	0.06121719656	0	0	0
14.533188	0.865046	0.025296502965	-0.0146492513169	0	0	0
14.566521	0.8659035	0.0232956496232	-0.0447814511801	0	0	0
14.599854	0.8665895	0.0212947962813	-0.0415657618666	0	0	0
14.633187	0.8672755	0.0205802058021	-0.0375163753238	0	0	0
14.66652	0.8679615	0.019722697227	-0.0591925032886	0	0	0
14.699853	0.8686475	0.0171501715017	-0.0953987829661	0	0	0
14.733186	0.869162	0.0128626286263	-0.118265906973	0	0	0
14.766519	0.869505	0.00843216765501	-0.118861404994	0	0	0
14.799852	0.8696765	0.00500213335467	-0.119456903015	0	0	0
14.833185	0.869848	0.00128626286263	-0.138393740083	0	0	0
14.866518	0.869848	-0.00457337906712	-0.146968911586	0	0	0
14.899851	0.869505	-0.00957551242179	-0.124459086391	0	0	0
14.933184	0.869162	-0.0130055467221	-0.0938504881115	0	0	0
14.966517	0.8686475	-0.0161497448308	-0.0577633080382	0	0	0
14.99985	0.8679615	-0.0161497448308	-0.0446623515759	0	0	0
15.033183	0.8676185	-0.0174360076934	-0.0749136510433	0	0	0
15.066516	0.8669325	-0.0220093867605	-0.0811068304618	0	0	0
15.099849	0.866075	-0.0245819124858	-0.0389455705742	0	0	0
15.133182	0.8652175	-0.0248677486775	0.0157211477547	0	0	0
15.166515	0.86436	-0.0230098134315	0.0583588060592	0	0	0
15.199848	0.863674	-0.0204372877062	0.0831315237333	0	0	0
15.233181	0.862988	-0.0174360076934	0.103378456448	0	0	0
15.266514	0.8624735	-0.0132913829138	0.115645715681	0	0	0
15.299847	0.8621305	-0.00971843051764	0.126841078476	0	0	0
15.33318	0.8617875	-0.00500213335467	0.140418433355	0	0	0
15.366513	0.8617875	0	0.141966728209	0	0	0
15.399846	0.8617875	0.00485921525882	0.132438759873	0	0	0
15.433179	0.8621305	0.00914675813425	0.116955811327	0	0	0
15.466512	0.8624735	0.0117192838595	0.124935484808	0	0	0
15.499845	0.8628165	0.0167214172142	0.146135214356	0	0	0
15.533178	0.8635025	0.023438567719	0.112549125971	0	0	0
15.566511	0.8645315	0.0260110934443	0.0307276978842	0	0	0
15.599844	0.865389	0.0241531581982	-0.0197705342976	0	0	0
15.633177	0.866075	0.0232956496232	-0.0313231959052	0	0	0
15.66651	0.8669325	0.0224381410481	-0.0457342480137	0	0	0
15.699843	0.8676185	0.0204372877062	-0.0632418898315	0	0	0
15.733176	0.8683045	0.0180076800768	-0.0774147427316	0	0	0
15.766509	0.868819	0.0152922362557	-0.0926594920695	0	0	0
15.799842	0.8693335	0.012148038147	-0.115526616076	0	0	0
15.833175	0.8696765	0.00757465907992	-0.137083644437	0	0	0
15.866508	0.869848	0.00257252572526	-0.145063317919	0	0	0
15.899841	0.869848	-0.00242960762941	-0.141609429397	0	0	0
15.933174	0.8696765	-0.00714590479238	-0.128508472934	0	0	0
15.966507	0.8693335	-0.0108617752844	-0.113978321222	0	0	0
15.99984	0.8689905	-0.015006400064	-0.0901584003812	0	0	0
16.033173	0.8683045	-0.0180076800768	-0.0420421602834	0	0	0
16.066506	0.8676185	-0.0167214172142	-0.0256064149035	0	0	0
16.099839	0.8672755	-0.0175789257893	-0.0633609894357	0	0	0
16.133172	0.8665895	-0.0220093867605	-0.0721743601467	0	0	0
16.166505	0.865732	-0.0244389943899	-0.0235817216321	0	0	0
16.199838	0.8648745	-0.0241531581982	0.0444241523675	0	0	0
16.233171	0.864017	-0.0205802058021	0.0880146075056	0	0	0
16.266504	0.8635025	-0.0167214172142	0.0873000098804	0	0	0
16.299837	0.862988	-0.0148634819682	0.0858708146299	0	0	0
16.33317	0.8624735	-0.0120051200512	0.109214337054	0	0	0
16.366503	0.8621305	-0.00757465907992	0.133748855519	0	0	0
16.399836	0.861959	-0.00257252572526	0.14339592346	0	0	0
16.433169	0.861959	0.00242960762941	0.137202744041	0	0	0
16.466502	0.8621305	0.00700298669653	0.118265906973	0	0	0
16.499835	0.8624735	0.0101471848052	0.106475046157	0	0	0
16.533168	0.8628165	0.0132913829138	0.116836711723	0	0	0
16.566501	0.863331	0.0172930895976	0.137321843645	0	0	0
16.599834	0.8638455	0.0240102401024	0.1105244327	0	0	0
16.633167	0.865046	0.0272973563069	0.0127436576497	0	0	0
16.6665	0.8659035	0.0238673220066	-0.0599071009138	0	0	0
16.699833	0.8665895	0.0210089600896	-0.0683631728122	0	0	0
16.733166	0.8672755	0.018722270556	-0.0540712203079	0	0	0
16.766499	0.86779	0.017864761981	-0.0504982321818	0	0	0
16.799832	0.868476	0.0165784991183	-0.0817023284828	0	0	0
16.833165	0.8689905	0.0125767924346	-0.118265906973	0	0	0
16.866498	0.8693335	0.00786049527162	-0.132796058686	0	0	0
16.899831	0.869505	0.00314419810865	-0.129461269768	0	0	0
16.933164	0.869505	-0.000571672383391	-0.127674775705	0	0	0
16.966497	0.869505	-0.00514505145052	-0.130414066602	0	0	0
16.99983	0.869162	-0.00971843051764	-0.120290600244	0	0	0
17.033163	0.868819	-0.0132913829138	-0.101830161593	0	0	0
17.066496	0.8683045	-0.0170072534059	-0.0678867743954	0	0	0
17.099829	0.8676185	-0.0185793524602	-0.0197705342976	0	0	0
17.133162	0.8669325	-0.01686433531	-0.0134582552749	0	0	0
17.166495	0.8665895	-0.0175789257893	-0.0550240171415	0	0	0
17.199828	0.8659035	-0.0218664686647	-0.0599071009138	0	0	0
17.233161	0.865046	-0.0238673220066	-0.000476398416812	0	0	0
17.266494	0.8641885	-0.0221523048564	0.0707451648962	0	0	0
17.299827	0.8635025	-0.0180076800768	0.1105244327	0	0	0
17.33316	0.862988	-0.0135772191055	0.11278732518	0	0	0
17.366493	0.862645	-0.010290102901	0.104688552094	0	0	0
17.399826	0.862302	-0.00714590479238	0.109333436658	0	0	0
17.433159	0.8621305	-0.0030012800128	0.115764815285	0	0	0
17.466492	0.8621305	0.00057167238339	0.122077094307	0	0	0
17.499825	0.8621305	0.00514505145051	0.126007381246	0	0	0
17.533158	0.8624735	0.00957551242179	0.113859221617	0	0	0
17.566491	0.8628165	0.0127197105304	0.103973954469	0	0	0
17.599824	0.863331	0.0158639086391	0.108499739428	0	0	0
17.633157	0.8638455	0.0195797791311	0.115645715681	0	0	0
17.66649	0.8645315	0.0254394210609	0.0711024637088	0	0	0
17.699823	0.865732	0.0260110934443	-0.0170312434009	0	0	0
17.733156	0.866418	0.0222952229522	-0.0540712203079	0	0	0
17.766489	0.867104	0.0208660419938	-0.0479971404936	0	0	0
17.799822	0.86779	0.0198656153228	-0.0564532123919	0	0	0
17.833155	0.868476	0.0177218438851	-0.0828933245249	0	0	0
17.866488	0.8689905	0.0145776457765	-0.117313110139	0	0	0
17.899821	0.869505	0.00971843051764	-0.143634122668	0	0	0
17.933154	0.8696765	0.00385878858789	-0.137798242062	0	0	0
17.966487	0.8696765	0.000142918095848	-0.120290600244	0	0	0
17.99982	0.8696765	-0.0032871162045	-0.123863588371	0	0	0
18.033153	0.869505	-0.00786049527162	-0.133391556707	0	0	0
18.066486	0.869162	-0.0127197105304	-0.126364680059	0	0	0
18.099819	0.8686475	-0.0171501715017	-0.091230296819	0	0	0
18.133152	0.8679615	-0.0194368610353	-0.03882647097	0	0	0
18.166485	0.8672755	-0.0194368610353	2.17187379192E-15	0	0	0
18.199818	0.8665895	-0.0175789257893	-0.0119099604202	0	0	0
18.233151	0.8662465	-0.0192939429394	-0.046448845639	0	0	0
18.266484	0.865389	-0.0230098134315	-0.0196514346934	0	0	0
18.299817	0.8645315	-0.0220093867605	0.0465679452431	0	0	0
18.33315	0.8638455	-0.0185793524602	0.0820596272955	0	0	0
18.366483	0.863331	-0.0155780724474	0.0899202011728	0	0	0
18.399816	0.8628165	-0.0127197105304	0.0964706794039	0	0	0
18.433149	0.8624735	-0.00957551242179	0.112310926763	0	0	0
18.466482	0.8621305	-0.00514505145051	0.125769182038	0	0	0
18.499815	0.8621305	-0.00057167238339	0.122077094307	0	0	0
18.533148	0.8621305	0.0030012800128	0.116003014493	0	0	0
18.566481	0.862302	0.00714590479238	0.110881731512	0	0	0
18.599814	0.862645	0.010290102901	0.11195362795	0	0	0
18.633147	0.862988	0.0138630552972	0.129937668185	0	0	0
18.66648	0.8635025	0.0190081067477	0.137679142458	0	0	0
18.699813	0.8641885	0.025296502965	0.082416926108	0	0	0
18.733146	0.865389	0.0260110934443	-0.0128627572539	0	0	0
18.766479	0.866075	0.0222952229522	-0.0531184234743	0	0	0
18.799812	0.866761	0.0208660419938	-0.0469252440557	0	0	0
18.833145	0.867447	0.0198656153228	-0.0515701286196	0	0	0
18.866478	0.868133	0.017864761981	-0.0683631728122	0	0	0
18.899811	0.8686475	0.0152922362557	-0.088848304735	0	0	0
18.933144	0.869162	0.012148038147	-0.114692918847	0	0	0
18.966477	0.869505	0.00757465907992	-0.136845445229	0	0	0
18.99981	0.8696765	0.00257252572526	-0.144229620689	0	0	0
19.033143	0.8696765	-0.00242960762941	-0.137917341666	0	0	0
19.066476	0.869505	-0.00700298669653	-0.12017150064	0	0	0
19.099809	0.869162	-0.010290102901	-0.105522249323	0	0	0
19.133142	0.868819	-0.0135772191055	-0.0977807750502	0	0	0
19.166475	0.8683045	-0.0174360076934	-0.0713406629172	0	0	0
19.199808	0.8676185	-0.0198656153228	-0.0116717612118	0	0	0
19.233141	0.866761	-0.01686433531	0.00917066952359	0	0	0
19.266474	0.8665895	-0.0162926629266	-0.0438286543465	0	0	0
19.299807	0.8659035	-0.0212947962813	-0.0569296108087	0	0	0
19.33314	0.865046	-0.0231527315273	0.0110762631908	0	0	0
19.366473	0.8641885	-0.0202943696104	0.0783675395652	0	0	0
19.399806	0.863674	-0.0161497448308	0.0990908706964	0	0	0
19.433139	0.8631595	-0.0130055467221	0.0953987829661	0	0	0
19.466472	0.8628165	-0.0101471848052	0.0974234762376	0	0	0
19.499805	0.8624735	-0.00700298669653	0.111715428742	0	0	0
19.533138	0.862302	-0.00257252572526	0.122553492724	0	0	0
19.566471	0.862302	0.00185793524602	0.115645715681	0	0	0
19.599804	0.8624735	0.00514505145052	0.108380639824	0	0	0
19.633137	0.862645	0.00843216765501	0.117074910931	0	0	0
19.66647	0.862988	0.0128626286263	0.128627572539	0	0	0
19.699803	0.8635025	0.0175789257893	0.121719795495	0	0	0
19.733136	0.8641885	0.0212947962813	0.0974234762376	0	0	0
19.766469	0.8648745	0.0254394210609	0.0350152836355	0	0	0
19.799802	0.866075	0.0242960762941	-0.0423994590961	0	0	0
19.833135	0.8665895	0.0202943696104	-0.0583349861383	0	0	0
19.866468	0.8672755	0.019722697227	-0.0509031708361	0	0	0
19.899801	0.8679615	0.0177218438851	-0.0581444267716	0	0	0
19.933134	0.868476	0.0156066560666	-0.0596689017054	0	0	0
19.966467	0.8689905	0.0135772191055	-0.0591686833677	0	0	0
19.9998	0.8693335	0.0117192838595	-0.0573107295422	0	0	0
